@Left hand swipe right
-1.29967385696722
0.723289688695237
-1.26626033514068
0.601911597433805
-1.07177228070655
-0.0455840608885821
0.90415536976863
-0.379973703037699
1.19638299883094
-0.657827750540406
1.34546189060678
-0.522073196460562
~
-1.29780933349562
0.722301701823996
-1.26665564515708
0.613212657945582
-1.07542690874647
-0.0845056252442916
0.904893520747426
-0.379639127581648
1.20496424217857
-0.64577725055688
1.34480019601684
-0.522228264121762
~
-1.3013367537947
0.724957507177966
-1.2681393490048
0.588416803442622
-1.07115638889259
-0.0143863676117702
0.910256855442132
-0.376336304037982
1.21038364396298
-0.644390167185901
1.34707516119282
-0.523703783108087
~
-1.29269580881071
0.761258140352957
-1.24771656676969
0.586220971349424
-1.07105533152344
-0.0092228908635903
0.908402043988162
-0.378819582615524
1.20063060179583
-0.627566417425345
1.3484898815149
-0.525916480499549
~
-1.05440661843993
0.86797868277613
-1.13798719679286
0.73828357744383
-1.00689397699138
0.159218633413828
0.915214008587461
-0.382778779992599
1.20153221709856
-0.700626569446592
1.36383567929287
-0.530894334087672
~
-1.00902746376718
0.857068693183202
-1.07376416288655
0.626581778632533
-1.00834656211532
0.00153614260969814
0.910618236205778
-0.390386097029179
1.2116473756921
-0.696158031570124
1.36861582079
-0.538424372453072
~
-1.01048226434644
0.904306898910565
-1.0682341578304
0.632808747041124
-1.02575343446402
-0.000798086176629444
0.91302388345245
-0.399265804390184
1.22719295991683
-0.699463029520737
1.38146500943162
-0.546945628083564
~
-0.969043538146399
0.884578585725132
-0.963769741849503
0.735458125787904
-1.04088959255953
-0.00773782270778214
0.918473498515091
-0.405194559766716
1.23412451563396
-0.708398688642145
1.38709059056903
-0.560567755510876
~
-0.98970447300774
0.958880574828098
-0.980221582571634
0.743968224609149
-1.05299923962875
-0.0107289345961909
0.928608846214969
-0.404710741798965
1.23968286369357
-0.719516595142016
1.39538109073467
-0.569036953408991
~
-0.989243919944312
0.974417580572237
-0.979515444181021
0.744781154455931
-1.05128544247652
-0.0134318316391948
0.928905730275576
-0.406252587481081
1.24548000711349
-0.713283489974114
1.393996939176
-0.57040331153408
~
-0.976074001940865
0.986345067225384
-0.962406588094896
0.746966553886852
-1.04686072739358
-0.0154738127704813
0.931567655702672
-0.403354621676232
1.24043123157044
-0.71439637076433
1.38924989291455
-0.571046474017624
~
-0.948589327512598
1.00324415991319
-0.93470041785035
0.747533956295033
-1.04121021123876
-0.0187161790348154
0.933957257006095
-0.407277787265619
1.25015534540544
-0.667822423819002
1.39178434015677
-0.575574672358956
~
-0.932014320142804
1.01331512537835
-0.922357955134616
0.74965330657778
-1.03729910168413
-0.0101127394828359
0.937298421140159
-0.406671732987283
1.24322105089204
-0.728499496678164
1.39259388659133
-0.578711686469484
~
-0.911599832608359
1.01933490472188
-0.895972863555096
0.749065525696903
-1.03937793059733
-0.0180501079662759
0.938894993217999
-0.407121396811883
1.25398656057551
-0.673154650545058
1.39443501718288
-0.581720861038835
~
-0.887468229138526
1.0317325973398
-0.876258352348886
0.750024891756126
-1.03763839374661
-0.01976082139564
0.944680500280315
-0.409744146158994
1.2610400033464
-0.728005111108051
1.39996066418773
-0.583847738910097
~
-0.872679787218162
1.03834117504093
-0.852180341703542
0.75020985353502
-1.02822385289974
-0.00490935249495455
0.946685369278472
-0.413932393612224
1.25705391824452
-0.745523724279703
1.40426826097331
-0.588754396192835
~
-0.844820038481396
1.12646034430864
-0.785749956099057
0.785774086853761
-1.05950527854198
0.0922102859833899
0.985473160246943
-0.458075914262703
1.32170155462605
-0.797049544987911
1.48757843674188
-0.649707018476938
~
-0.725530300955894
1.07289454121077
-0.719355839338277
0.727179518186782
-1.04129111829223
0.0538879232530977
0.981005827921178
-0.476473954596583
1.33392939634561
-0.76250499281293
1.49818959343339
-0.677822474183403
~
-0.687474886141297
1.06758046594875
-0.693174528750212
0.713649105093536
-1.04209064746312
0.033800307051101
1.01014798111557
-0.500038076879679
1.39188642634009
-0.803143310155813
1.55123009612973
-0.714877286465885
~
-0.482410703879971
0.873929047144432
-0.655334657749589
0.700034037004808
-0.998729691477939
0.0192745342509574
1.0094670263582
-0.509629784387823
1.37719048361912
-0.802330280095354
1.54780567092692
-0.72120439185394
~
-0.304544188785703
0.736272710553684
-0.538377496720103
0.827133398393828
-0.914557167086776
0.169069947817484
1.00598496953567
-0.514050256111311
1.36906599525552
-0.806334804724503
1.54165565548726
-0.723088014165906
~
-0.352397247273218
0.592428068188022
-0.580280403982809
0.689284315968459
-0.952408409241305
0.0330659431662554
1.00221987340657
-0.514218811089022
1.36027597721422
-0.832661406534005
1.53301249686219
-0.718960108991272
~
-0.255400987528998
0.710262557704852
-0.48496955938493
0.777247661047734
-0.880418661490733
0.143366503271791
0.995784846592622
-0.509170995932175
1.35402738465842
-0.80682667289763
1.52268344652213
-0.703912129126589
~
-0.301704564499197
0.601179043279159
-0.52994187605317
0.658786427344894
-0.931344822729925
0.0279256415597291
0.994947520123661
-0.510970784672797
1.35237691506293
-0.794272929478087
1.52225586373851
-0.702681746749632
~
-0.0548080567947258
0.657290370904507
-0.132098782748026
0.464925213015026
-0.792278329976059
0.131542675706891
0.968080219285026
-0.615131115391011
1.32276570882231
-0.890905265990918
1.49510010316411
-0.806720126701273
~
-0.17707749988085
0.899986775675788
-0.164466589154795
0.560664689323044
-0.792494161436043
0.171405661856173
0.959435751454434
-0.57402421713998
1.31996074693138
-0.829131034723901
1.49276269867127
-0.763660587506342
~
-0.410796184892049
0.777556742312503
-0.396133607101957
0.438675716742905
-0.926769192448833
-0.0825127528714894
0.961389644915324
-0.570112149698226
1.41859478924114
-0.918355648072754
1.52391057105972
-0.712656140496723
~
-0.410263636425768
0.762171553970063
-0.400412141591843
0.423341137454741
-0.954428939311195
-0.0723031141954966
0.952864757980842
-0.563761963744989
1.32271282626242
-0.821882532167009
1.50129768016435
-0.694363489295933
~
-0.399570607288163
0.741241558773377
-0.386886116381701
0.402647384842128
-0.953831996284852
-0.0781532741922946
0.923000477793006
-0.548699332487502
1.30260663623787
-0.811347191861109
1.47628631435698
-0.716059187254703
~
-0.39341938817506
0.735332429878849
-0.38373764132777
0.396758914608488
-0.953485838652851
-0.0809134480004751
0.947779027183055
-0.568426167727606
1.37863020156517
-0.711994866787271
1.49376784401487
-0.704854568936139
~
-0.381942938270704
0.444161064490066
-0.373457213521073
0.10569881424744
-0.946234430957155
-0.367783632700802
0.955833602713542
-0.855162891284194
1.31895540833637
-1.12333806484002
1.50893778354933
-0.987017539165955
~
-0.394989247119652
0.734831097766928
-0.384494218653245
0.396570977262387
-0.956836544596524
-0.0786028146449208
0.916642252073015
-0.543690923615099
1.28404695922173
-0.814477758369012
1.47088192040805
-0.711044926029527
~
-0.393786061087348
0.73353618600592
-0.385179871661301
0.395343951300887
-0.957195095198375
-0.0803000173923899
0.917218554258291
-0.548682621739675
1.29444544889015
-0.890078712170429
1.4767748671289
-0.706774098143801
~
----